


if game.PlaceId==4490140733 then local a=loadstring(game:HttpGet('https://raw.githubusercontent.com/Rain-Design/Unnamed/main/Library.lua'))()a.Theme="Dark"local b=a.Flags;local a=a:Window({Text="Synth Hub | My Restaurant"})local b=a:Tab({Text="AutoFarm"})local c=a:Tab({Text="Teleports"})local a=a:Tab({Text="Misc"})local b=b:Section({Text="Autofarm"})local c=c:Section({Text="Teleports"})local a=a:Section({Text="Misc"})b:Button({Text="Autofarm [NORMAL]",Callback=function()loadstring(game:HttpGet("https://pastebin.com/raw/CVW9J250"))()end})b:Button({Text="FPSBoost",Callback=function()loadstring(game:HttpGet("https://pastebin.com/raw/zfjRMKqW"))()end})b:Button({Text="Unlock FPS [Not Working, is Being Fixed]",Callback=function()loadstring(game:HttpGet("https://fpsplus.000webhostapp.com/OBFUSCATED_SOURCE_FPSPLUS.lua",true))()end})c:Button({Text="Shop",Callback=function()game.Players.LocalPlayer.Character:SetPrimaryPartCFrame(CFrame.new(-400.640228,227.340912,1086.22754,0,0,1,-1,0,0,0,-1,0))end})c:Button({Text="Event",Callback=function()game.Players.LocalPlayer.Character:SetPrimaryPartCFrame(CFrame.new(-408.957001,226.957855,836.791199,0.224892139,-5.6735221e-08,0.974383652,-2.28182273e-08,1,6.34933244e-08,-0.974383652,-3.65128585e-08,0.224892139))end})c:Button({Text="Seating",Callback=function()game.Players.LocalPlayer.Character:SetPrimaryPartCFrame(CFrame.new(-478.703918,228.053436,1147.41516,-0.958342433,-6.10808044e-08,0.285621703,-3.77949938e-08,1,8.70390977e-08,-0.285621703,7.26181923e-08,-0.958342433))end})c:Button({Text="Appliances",Callback=function()game.Players.LocalPlayer.Character:SetPrimaryPartCFrame(CFrame.new(-321.040314,228.053421,1138.37122,-0.90747565,-6.13977136e-08,-0.420104653,-6.49980905e-08,1,-5.74506931e-09,0.420104653,2.20924896e-08,-0.90747565))end})c:Button({Text="Royal Bundle",Callback=function()game.Players.LocalPlayer.Character:SetPrimaryPartCFrame(CFrame.new(-488.012695,228.053391,1197.97888,-0.970300317,1.79397937e-08,0.241903514,3.63444173e-08,1,7.16203203e-08,-0.241903514,7.8285062e-08,-0.970300317))end})c:Button({Text="Gamer Bundle",Callback=function()game.Players.LocalPlayer.Character:SetPrimaryPartCFrame(CFrame.new(-474.968933,228.053452,1102.75659,0.0263886508,4.55961757e-09,0.99965173,-5.30526401e-10,1,-4.54720128e-09,-0.99965173,-4.10347117e-10,0.0263886508))end})c:Button({Text="ThemesFloor",Callback=function()game.Players.LocalPlayer.Character:SetPrimaryPartCFrame(CFrame.new(-315.825104,252.242889,1128.00232,0.992808402,-2.23414021e-09,-0.119714327,-3.08851195e-10,1,-2.12236113e-08,0.119714327,2.11079527e-08,0.992808402))end})c:Button({Text="Decor",Callback=function()game.Players.LocalPlayer.Character:SetPrimaryPartCFrame(CFrame.new(-472.301666,252.242889,1115.68384,0.484663993,-3.05898489e-08,0.874700427,9.77640582e-08,1,-1.91984224e-08,-0.874700427,9.48190433e-08,0.484663993))end})a:Button({Text="Infinite Yield",Callback=function()loadstring(game:HttpGet('https://raw.githubusercontent.com/EdgeIY/infiniteyield/master/source'))()end})a:Button({Text="Reviz Admin",Callback=function()loadstring(game:HttpGet('https://pastebin.com/raw/RqaZUrBZ'))()end})game:GetService("StarterGui"):SetCore("SendNotification",{Title="Synth Hub",Text="My Restaurant Loaded!"})end
